Name,Number of points,Temperature,Humidity,Pressure,Windspeed,Temp Min,Temp Max,Hum Min,Hum Max,Press Min,Press Max,Wind min,Wind max
gothenberg(sf8),666,-0.0702927202346,0.500139733138,0.325618948045,0.400948748716,2.84444444444,15.1444444444,0.54,0.94,977.73,1025.6,2.33,19.26
gothenberg(sf12),121,-0.318892105377,0.728531248119,-0.697938532261,0.294875317517,11.0722222222,13.3833333333,0.82,0.9,997.53,1033.2,6.19,13.43
gothenberg(sf7),20062,0.249728910315,0.374038768509,0.0591743031534,-0.0534224236054,-7.19444444444,17.3166666667,0.58,0.98,983.58,1038.71,0.71,28.57
South hampton(sf7),114286,0.0148302543616,0.222897116379,-0.208444648226,0.340662535749,-1.37777777778,9.47222222222,0.62,0.83,992.9,1033.85,0.96,7.75
Maassluis(sf7),86728,0.00353694336286,0.503098648597,-0.261988770928,-0.363120630516,-7.22222222222,10.7888888889,0.55,0.95,990.43,1031.32,0.48,13.82
Maassluis(sf9),1620,-0.0673806794658,0.608472415279,-0.31218046774,-0.487695452331,-7.22222222222,16.7055555556,0.57,0.94,992.71,1031.32,1.99,13.82
Maassluis(sf8),380,0.0687841719355,0.990897294516,-0.998831587998,-0.923032714151,-4.28888888889,4.8,0.57,0.93,990.43,1000.72,5.54,12.08
Maassluis(sf12),468,0.00348548540492,0.667344500492,0.0261696852146,0.502797290369,-4.28888888889,5.92222222222,0.57,0.91,1000.72,1031.32,2.73,12.08
Deurne netherlands(sf12),702,0.00401677312175,0.383172819987,0.528411084311,-0.591060608473,-22.2666666667,-1.10555555556,0.6,0.8,1014.52,1026.34,3.79,7.92
Deurne netherlands(sf7),5818,0.668699856759,0.136172796758,0.313628531458,-0.295843235079,-23.8833333333,3.20555555556,0.57,0.95,1011.42,1030.52,0.82,7.92
Deurne netherlands(sf10),70,0.00377102951462,4.74132958972E-07,0.998057207564,-0.728322449086,-22.5444444444,-21.9833333333,0.73,0.73,1019.14,1019.27,6.68,6.69
Deurne netherlands(sf11),75,0.773099035833,-1,-0.999999999998,-1,-3.81111111111,3.20555555556,0.63,0.73,1011.42,1030.52,5.29,5.73
South africa(sf7),39940,0.640649107127,-0.266826866755,-0.836827822943,0.578780417334,6.11111111111,25.6388888889,0.38,0.93,1004.75,1029.53,0.14,12.67
philippines(sf12),2016,-0.139795112236,-0.293026252613,0.351982741412,-0.669867976602,24.1222222222,26.9444444444,0.69,0.87,1010.49,1015.08,0.97,9.95
philippines(sf7),156,0.520606216437,-0.233696355683,-0.225952238236,-0.702201970736,24.7222222222,28.0833333333,0.68,0.9,1010.36,1015.39,1.13,8.32
slovenia(sf7),132618,0.0185027713152,0.00876810124688,0.149018066815,-0.327051463414,-7.74444444444,23.5833333333,0.43,0.97,988.57,1036.74,0.01,5.84
africa(sf7),1845,-0.243388604644,-0.429879745085,-0.830048064498,0.00189857732591,6.87222222222,22.3444444444,0.33,0.9,1007.48,1026.37,0.07,12.64
purdue(sf10),32937,-0.0134821263259,0.418544517217,-0.0907051499808,-0.593422865828,2.57222222222,10.5222222222,0.31,0.94,1007.31,1026,0.32,13.61
purdue(sf9),315,0.130889969408,0.202440778516,-0.253861234556,-0.608575903273,3.53333333333,10.5222222222,0.31,0.93,1007.31,1024.19,0.32,13.61
purdue(sf8),89,-0.0621771861175,0.475782840973,-0.59427456883,-0.578645158964,3.53333333333,10.5222222222,0.31,0.93,1007.31,1024.19,0.32,13.61
purdue(sf7),81,-0.417865761077,-0.00816990407427,0.0950743230184,-0.91247918001,6.36111111111,10.5222222222,0.31,0.93,1007.31,1024.19,0.32,13.61
Apeldoorn(sf12),94,-0.471603376399,-0.483345538018,-0.946475658852,-0.86221170234,1.56666666667,18.25,0.58,0.88,1007.18,1033.28,0.52,5.28
Apeldoorn(sf9),262,-0.223436194691,-0.231888736059,-0.188514453766,0.183632565617,-4.49444444444,17.2888888889,0.53,0.97,988.04,1030.97,0.6,9.64
Apeldoorn(sf7),11716,-0.0112453128762,-0.0406908775537,0.0513577338739,-0.183170772849,-6.67777777778,21.0166666667,0.53,0.98,986.8,1035.06,0,11.98
dublin(sf12),314,-0.37384153408,-0.114280225088,-0.473333500613,0.761285100523,3.41666666667,12.9944444444,0.81,0.93,989.05,1028.26,1.58,22.04
dublin(sf7),622,-0.226039845538,-0.668205605205,-0.47560150259,0.385055727886,0.227777777778,13.6277777778,0.82,0.96,991.2,1033.64,1.11,17.31
michigan(sf8),69,0.455777242351,0.225849677411,-0.108460274101,-0.462588367685,-1.84444444444,8.68888888889,0.37,0.89,1013.71,1033.68,1.22,8.18
michigan(sf10),50,-0.115790738428,-0.398214088733,0.30831801151,0.319935506833,-1.84444444444,8.68888888889,0.47,0.71,1013.71,1029.8,1.22,8.18
michigan(sf7),4388,0.378548950717,-0.0825938830622,0.087242764883,-0.48742565761,-1.84444444444,8.68888888889,0.37,0.89,1013.71,1033.68,1.22,8.18
groningen(sf9),302,-0.235415626392,0.958817505506,-0.240842737877,0.919804660498,3.78333333333,11.7388888889,0.92,0.94,993.3,1023.1,0.66,2.08
groningen(sf7),63,-0.578422863271,0.841597947437,-0.624392819156,-0.673517221748,-2.87777777778,13.3611111111,0.64,0.94,999.9,1022.4,3.29,9.79
groningen(sf8),178,0.35335369584,0.999009444408,-0.988052577467,0.906612465823,-0.788888888889,3.91111111111,0.82,0.91,999.4,1013.2,1.02,10.61
norway(sf7),7237,0.623957700258,0.4789589291,-0.447768041059,0.714677713583,-6.60555555556,2.1,0.61,0.97,993.08,1014.09,0.47,15.81
belgium(sf7),35939,0.321969059637,-0.138373782561,-0.54840913492,-0.115589780879,-3,22.8611111111,0.52,1,987.67,1044.99,0.26,18.7
